1000074
1000592
1000698
1001631
1002373
1004338
1004347
1005658
1006648
1007149
1007524
1007549
1013304
1013882
1014047
1014663
1014968
1015097
1015355
1015688
1017023
1017094
1017680
1018354
1018382
1020838
1022537
1023649
1025037
1025348
1025974
1027998
1028080
1028414
1030085
1030396
1030987
1033242
1033749
1034329
1034598
1034929
1037577
1038733
1039887
1040524
1042358
1042861
1043205
1043273
1044834
1044957
1045235
1046386
1046670
1046925
1047205
1047443
1048889
1049240
1050130
1051253
1052416
1053589
1054063
1054479
1055064
1056351
1056880
1056970
1057283
1057289
1061295
1061793
1062599
1064863
1070071
1070851
1073539
1074254
1074600
1076068
1076648
1077929
1077972
1078786
1079434
1080612
1081504
1085300
1086181
1086733
1087522
1088852
1089481
1091186
1091259
1092099
1093424
1095686
1097187
1098218
1098667
1099835
1100997
1101370
1103587
1103928
1104578
1104723
1106002
1106178
1107294
1107590
1107673
1108112
1108229
1108416
1108647
1109914
1109976
1111230
1111412
1111615
1112173
1113537
1114321
1114694
1115139
1115723
1116190
1116216
1116469
1116784
1117312
1117997
1119918
1120056
1120187
1121934
1122686
1122786
1123417
1123452
1123850
1123866
1124133
1124870
1125797
1126776
1126798
1127241
1127882
1128463
1130089
1130400
1130748
1131938
1132321
1132616
1133081
1133568
1133737
1134059
1134646
1135920
1136704
1137943
1138175
1139979
1140367
1140836
1141184
1142763
1142880
1142930
1144162
1145043
1145641
1145651
1146188
1146653
1147047
1147978
1148272
1148659
1149463
1149673
1150729
1151089
1151196
1151332
1152449
1153832
1154956
1155031
1155606
1156381
1157349
1157442
1157631
1158053
1159881
1160460
1161083
1161925
1162338
1162516
1162587
1163215
1163571
1163643
1163822
1165258
1165449
1165759
1166157
1167176
1167375
1167491
1169324
1170961
1171032
1171247
1171313
1172208
1173571
1174567
1174907
1177252
1177282
1177405
1178357
1181695
1181861
1182864
1184624
1184627
1185042
1185158
1185603
1187394
1188708
1190307
1192254
1194032
1194271
1197531
1198341
1198604
1199636
1199990
1200730
1201517
1203067
1203208
1203664
1203786
1203956
1204250
1206362
1206426
1206730
1208672
1208866
1211256
1211315
1213328
1214042
1214590
1215290
1215653
1216537
1217546
1217575
1217975
1218197
1218489
1221009
1221289
1221811
1224608
1226115
1226588
1227514
1228314
1229923
1232273
1233305
1233785
1235329
1236631
1237116
1237310
1237727
1238992
1239361
1241358
1241433
1241587
1242070
1242206
1242352
1242680
1242688
1245703
1245998
1246299
1246744
1247938
1248503
1248564
1248886
1249000
1249320
1249540
1250101
1250579
1251469
1254496
1259676
1261613
1262934
1264810
1265351
1265653
1267165
1267207
1269455
1270774
1271301
1271370
1271656
1274278
1275390
1276165
1278133
1278521
1278775
1281092
1282407
1282446
1283033
1284925
1285033
1285131
1285214
1285328
1286424
1286665
1286975
1288891
1288933
1290293
1290365
1290485
1291193
1291466
1292823
1293230
1293878
1294390
1294428
1295309
1295767
1296447
1296951
1299566
1299759
1300565
1300972
1301591
1301963
1302116
1302959
1303506
1304139
1305625
1305935
1307020
1308934
1309314
1309530
1310382
1310684
1312161
1312573
1312836
1313360
1314861
1315745
1316702
1316905
1317857
1319078
1319148
1320625
1320700
1321523
1324401
1324490
1325912
1326040
1328691
1330309
1330808
1331346
1332406
1333077
1333421
1336261
1336354
1338666
1339501
1339757
1340790
1341211
1342786
1343256
1344185
1344601
1346160
1346231
1346874
1347025
1348000
1349285
1350402
1351311
1351831
1352692
1353141
1353874
1357009
1357487
1359238
1360357
1361049
1362113
1363338
1364331
1364432
1364580
1366110
1366491
1367019
1367977
1368953
1369541
1370530
1370985
1371291
1371498
1372594
1372782
1373109
1373182
1373334
1374068
1374715
1374820
1374923
1375169
1375322
1375371
1375446
1375490
1375740
1377499
1377802
1377892
1379897
1380104
1380353
1380856
1381697
1382779
1382837
1383097
1385767
1386469
1386563
1387401
1390788
1390938
1391956
1394060
1394325
1394900
1396668
1397536
1397563
1398107
1398581
1399386
1399403
1400159
1401018
1401294
1401491
1402958
1404703
1405803
1406408
1407302
1407918
1408033
1408527
1408537
1409038
1409055
1410179
1411344
1411382
1413308
1413311
1415251
1415961
1416003
1417061
1418693
1419721
1420891
1423117
1423221
1423314
1423593
1424461
1424982
1425032
1430564
1430724
1431209
1432527
1432835
1432918
1433363
1434903
1435554
1435787
1437157
1438133
1439444
1439470
1440801
1441830
1443583
1444592
1446073
1446418
1447353
1449172
1451576
1452018
1452037
1454038
1455178
1456700
1457200
1459733
1460491
1460591
1461149
1463127
1463399
1463502
1463789
1464575
1467097
1467252
1468834
1470712
1471646
1472684
1473219
1473813
1474187
1475737
1479199
1480009
1481415
1482072
1482922
1484551
1485457
1486621
1489663
1490039
1490628
1494506
1495676
1497116
1498011
1498156
1503353
1504084
1505310
1506384
1507629
1507814
1507909
1507989
1510051
1512331
1512510
1515183
1516059
1517448
1517916
1517984
1518060
1519329
1519716
1521062
1521294
1521343
1521487
1523581
1523989
1524363
1524722
1524847
1525382
1526088
1526239
1526658
1527446
1528238
1528731
1529209
1529278
1530519
1533059
1533462
1533656
1534336
1534577
1534926
1535820
1536110
1536722
1536967
1537799
1538752
1539240
1541207
1541636
1541933
1543050
1543497
1544093
1544356
1544472
1544772
1547023
1547132
1547627
1548182
1548336
1548543
1548895
1548913
1549050
1550822
1551364
1552927
1553560
1555286
1555292
1556953
1557848
1558647
1561653
1561736
1562842
1563018
1564779
1565127
1565338
1566588
1566958
1567334
1569228
1569911
1571695
1572348
1575057
1576771
1577152
1578192
1578316
1578688
1579014
1579635
1580999
1581876
1583432
1584783
1584910
1585675
1586198
1586668
1588346
1588451
1589929
1590757
1590830
1592901
1597218
1597242
1597310
1597357
1597989
1599256
1599493
1599811
1600163
1600665
1600836
1601277
1603188
1605368
1606459
1607146
1608417
1612019
1613710
1614599
1615416
1616733
1617483
1619640
1619779
1619854
1619945
1620135
1621520
1621768
1623077
1624176
1628349
1628685
1629627
1629822
1630289
1630358
1632981
1634829
1634939
1634991
1635175
1636162
1636281
1636286
1636813
1638487
1638763
1639488
1639771
1640315
1641163
1641983
1645290
1647934
1648901
1649154
1649244
1649763
1650380
1652959
1653270
1653659
1654769
1655659
1655734
1655930
1656320
1657324
1659261
1659903
1661347
1662640
1663644
1664228
1664595
1665075
1666824
1667193
1667364
1667880
1668168
1668391
1670849
1671331
1671681
1672485
1673736
1675750
1676026
1677275
1677791
1681646
1682180
1682415
1682992
1683068
1684482
1684782
1685279
1687033
1687537
1687868
1690305
1692351
1692623
1693743
1694331
1695753
1697962
1698593
1698843
1699251
1699427
1700733
1701992
1702409
1703459
1704065
1704495
1705058
1705303
1706357
1708028
1708851
1709509
1712591
1713021
1713780
1716382
1716663
1716979
1717509
1718085
1718361
1718944
1718973
1718991
1720355
1720687
1720744
1720872
1722034
1722084
1723263
1724971
1725569
1726181
1726945
1727282
1727460
1728152
1728785
1729901
1730001
1730339
1730920
1731181
1733011
1733238
1733807
1735347
1736086
1736537
1736868
1737186
1737829
1738431
1739501
1739783
1739970
1739980
1740210
1740548
1741142
1741246
1743011
1743853
1744730
1745569
1746928
1747738
1751498
1752036
1752706
1752834
1753134
1753792
1753856
1754378
1754481
1755514
1756223
1756318
1756643
1759375
1760477
1760906
1762750
1763996
1764743
1765131
1765759
1767079
1767250
1770318
1770745
1771016
1771023
1772006
1774979
1776173
1778489
1779765
1780815
1783325
1784230
1785430
1786603
1788575
1788732
1790663
1791475
1791567
1791790
1792770
1792803
1794031
1794106
1794173
1795170
1795669
1796490
1800001
1800422
1800474
1803586
1806468
1807288
1807553
1807986
1808608
1809243
1809772
1810313
1810668
1811180
1811247
1811568
1812023
1812679
1813716
1814746
1815298
1815620
1816776
1817666
1819715
1822188
1824011
1824791
1824979
1825268
1826953
1828141
1829127
1829266
1829791
1831312
1831480
1831714
1832530
1833424
1835366
1836932
1837180
1837408
1837450
1838370
1838687
1838969
1841668
1841904
1842595
1842742
1843454
1844924
1845067
1846732
1847732
1847839
1850195
1850845
1851156
1851271
1851682
1852669
1853947
1854857
1855807
1856957
1859434
1860234
1860805
1860824
1862215
1862512
1864638
1865074
1867716
1868522
1872044
1873276
1873678
1875331
1876759
1878864
1880296
1880851
1882738
1882945
1885432
1887644
1890516
1890934
1891590
1892552
1893037
1893385
1895152
1896024
1896641
1897830
1898460
1900208
1903206
1905768
1906883
1907978
1908009
1908298
1908533
1910642
1910870
1912253
1914199
1914527
1914675
1915035
1915286
1915378
1916126
1917290
1917782
1918010
1919583
1919984
1920016
1920743
1921060
1921474
1922936
1923531
1924029
1925463
1926644
1926965
1927578
1929019
1931088
1931637
1932356
1932443
1934395
1935824
1935855
1938147
1938556
1939844
1940280
1941643
1942007
1942345
1944024
1944029
1944695
1945734
1945930
1946677
1946972
1948804
1950512
1950550
1951084
1951620
1951759
1953025
1954175
1954265
1956290
1956515
1956892
1957531
1957718
1958376
1958746
1960230
1960320
1961000
1963339
1965136
1965839
1968368
1968773
1968791
1969802
1970625
1970832
1972048
1972459
1972477
1974996
1977501
1980671
1981448
1981479
1981510
1982144
1982156
1983568
1984846
1984927
1985660
1985879
1986207
1986914
1988304
1988724
1990346
1990584
1990678
1990936
1992666
1993783
1995737
1999455
2000032
2000848
2001430
2001948
2002484
2003291
2003292
2005067
2005310
2009014
2009565
2009819
2010468
2011501
2011910
2013579
2013761
2014177
2014439
2014943
2015105
2016481
2016665
2018835
2020617
2020652
2025719
2025951
2025992
2026731
2027598
2029410
2029551
2029697
2033294
2034512
2034532
2034663
2035250
2036260
2036517
2037929
2038512
2038580
2040660
2042225
2042287
2042573
2043908
2044043
2044515
2044529
2045229
2046280
2046584
2047688
2048435
2048988
2049265
2050069
2050092
2051332
2051943
2052084
2053864
2054427
2054808
2055978
2058481
2059412
2061110
2061758
2062184
2062637
2064251
2064982
2065575
2066291
2066797
2067826
2068162
2070136
2071567
2072871
2073224
2074075
2074388
2074508
2074730
2075588
2075991
2076886
2077639
2078143
2078667
2079285
2079771
2079865
2080836
2081057
2081316
2081500
2082099
2084259
2085452
2085649
2085991
2086615
2088810
2090382
2090725
2091110
2091437
2091960
2092303
2092520
2095223
2096402
2097166
2097702
2098192
2098947
2099808
2099991
2100242
2100600
2100981
2101762
2101849
2101888
2103028
2103792
2104140
2104718
2104812
2105130
2105966
2106280
2106722
2107136
2108089
2108814
2109632
2110151
2110820
2111208
2112739
2115005
2116219
2116531
2116898
2121150
2121822
2122802
2122932
2123986
2125210
2128426
2128658
2130528
2130726
2132821
2133597
2134165
2134902
2137796
2138639
2138963
2139487
2139793
2140303
2140841
2141622
2141815
2142871
2143311
2143529
2144595
2144689
2144715
2144774
2144809
2145087
2145294
2146131
2146898
2148195
2148840
2150561
2151748
2152289
2153681
2154556
2154674
2155027
2155642
2155839
2156059
2156654
2158379
2159687
2160286
2160543
2161875
2164461
2164821
2164870
2165373
2166911
2167846
2168674
2170288
2171488
2171532
2172780
2172941
2173707
2174061
2174128
2174289
2176187
2176316
2177520
2179235
2179739
2180911
2181549
2182723
2182803
2183200
2183557
2184428
2186713
2187734
2189188
2190176
2190409
2190926
2191278
2191604
2191846
2192089
2192319
2192334
2192542
2193488
2194984
2199000
2199250
2199610
2200029
2200083
2201358
2203256
2203446
2204449
2205910
2206574
2207224
2207412
2208077
2208375
2209984
2212208
2215325
2216529
2217679
2218209
2220747
2221773
2222328
2222559
2222935
2225172
2225921
2227087
2227224
2227835
2227932
2227963
2230452
2230684
2231076
2231215
2231423
2232827
2233465
2233803
2234612
2234777
2235260
2235389
2235776
2236989
2237021
2237272
2238595
2241839
2242242
2243673
2244153
2244200
2246680
2246835
2248612
2249000
2249545
2252253
2253052
2253607
2255366
2256757
2256794
2257584
2257734
2260773
2261042
2261656
2262705
2262901
2264761
2265341
2266062
2266821
2267081
2267714
2268774
2270451
2272311
2272933
2274139
2274521
2274543
2275169
2275755
2276450
2278145
2278476
2278618
2278839
2279265
2279857
2280489
2280755
2280870
2281253
2282341
2283590
2283641
2286706
2286729
2289612
2289877
2290487
2293576
2295784
2298374
2299619
2301431
2303361
2303796
2304263
2304940
2306352
2306979
2307140
2309838
2309872
2310075
2311199
2311344
2311529
2312215
2313355
2313849
2313860
2314529
2315173
2315319
2315584
2315967
2318630
2318860
2319210
2319450
2319722
2319733
2322020
2323172
2324035
2324621
2324856
2325280
2326494
2327338
2327450
2327996
2328076
2328594
2329464
2329733
2331100
2331483
2331637
2333213
2334081
2335309
2335315
2335552
2335755
2336367
2336973
2337108
2337361
2337998
2338077
2338129
2338144
2339001
2339332
2339909
2342809
2343076
2343693
2343942
2343996
2345345
2345354
2345735
2346452
2348412
2349312
2350192
2350850
2351585
2352017
2354286
2356136
2356838
2358778
2358803
2361169
2361593
2362810
2365039
2365253
2365299
2367351
2367504
2369820
2370103
2370530
2371460
2371875
2372234
2372357
2372684
2373916
2374982
2375223
2376818
2377040
2377423
2377734
2378361
2378483
2380690
2381744
2382692
2383169
2383428
2383667
2383718
2385126
2385152
2386275
2386448
2386560
2389381
2391149
2392285
2393123
2393478
2395970
2396332
2396804
2397143
2397387
2397453
2398288
2398693
2399768
2400904
2401397
2401667
2407237
2410087
2415629
2415726
2417084
2418077
2419311
2419581
2420741
2420802
2421397
2423731
2424102
2424863
2426474
2427411
2429261
2430433
2430600
2430947
2431047
2432013
2433066
2433311
2434369
2436422
2437853
2438878
2439428
2439487
2439946
2440187
2441080
2443793
2445274
2445418
2445699
2446874
2446889
2447917
2448353
2449447
2449490
2449973
2450301
2452105
2452427
2453061
2453105
2453572
2453838
2454417
2455777
2456076
2458105
2458444
2460493
2461863
2462060
2464621
2465215
2466596
2468765
2468815
2470360
2470471
2471324
2472677
2472909
2473047
2473312
2473531
2476435
2476463
2476621
2477221
2477786
2477972
2478375
2478468
2478587
2479056
2479555
2479782
2480053
2482458
2485220
2487568
2489398
2489409
2490056
2490282
2490391
2491066
2491859
2493067
2493226
2494385
2494504
2494661
2496602
2501186
2501492
2502883
2503219
2503385
2503392
2503466
2505606
2506284
2506318
2506424
2507767
2507907
2508605
2509220
2509311
2510986
2511621
2513155
2513975
2514925
2515575
2516272
2516686
2516870
2517776
2518070
2518556
2518861
2519452
2520405
2520805
2521580
2523683
2526184
2527487
2528305
2528678
2529019
2531054
2533622
2534090
2534561
2536173
2536200
2536570
2536599
2539289
2540832
2540893
2542841
2543388
2543471
2545052
2545809
2545885
2546319
2549894
2550461
2550875
2552143
2552326
2553041
2553070
2556531
2557136
2558091
2558282
2560983
2562244
2562435
2562874
2563446
2564148
2564955
2568031
2569285
2570265
2570268
2571246
2571700
2572622
2574519
2574835
2575832
2576072
2577628
2578815
2579224
2580130
2581658
2582288
2584162
2584527
2584975
2585945
2586520
2586601
2588579
2588977
2589410
2590193
2591448
2592026
2592469
2592951
2598515
2598628
2599352
2600207
2600523
2601725
2603913
2605200
2605688
2605725
2605737
2606387
2606486
2607345
2608602
2609026
2609696
2610165
2613117
2613494
2613670
2615119
2617352
2618145
2618523
2619456
2619763
2621808
2622243
2622285
2625019
2625187
2625608
2627127
2627472
2628101
2631726
2632397
2632430
2632626
2635025
2636286
2636666
2637248
2641091
2641524
2642100
2647395
2648260
2648535
2649119
2649625
2649922
2652101
2652401
2653496
2654874
2654972
2656174
2656228
2656300
2656350
2656545
2657082
2658892
2659563
2661531
2666369
2668392
2668566
2669618
2669661
2670268
2670761
2671281
2671690
2672498
2672508
2672607
2672910
2674282
2675695
2675762
2678430
2678574
2678687
2678703
2679016
2680231
2680561
2680630
2681299
2681344
2682162
2682394
2682907
2683259
2683431
2685021
2685513
2686726
2687545
2689589
2689605
2689633
2692807
2693220
2694148
2696217
2699023
2699914
2702420
2703273
2703574
2703784
2706634
2707131
2709263
2710070
2710292
2711148
2711671
2711754
2712917
2713152
2713825
2714637
2714911
2716724
2716882
2717130
2717706
2718590
2718707
2719263
2719680
2721372
2721781
2721935
2722362
2723812
2724862
2726765
2726895
2727108
2727590
2728208
2728312
2729419
2730538
2730555
2730976
2731176
2731968
2735179
2735302
2735886
2735963
2736670
2737200
2738482
2738619
2739356
2739388
2739933
2741009
2741510
2741619
2741860
2743201
2745304
2747657
2747841
2749739
2750988
2752099
2752320
2753237
2753707
2756403
2758034
2758667
2758968
2759419
2760480
2760926
2761144
2761244
2761333
2761520
2761719
2762021
2762505
2762534
2763233
2763276
2763482
2765474
2766791
2766857
2767050
2767478
2767932
2768222
2769195
2771166
2773165
2774845
2775002
2775202
2775726
2776103
2776714
2778921
2781111
2782724
2782789
2783775
2783790
2784825
2784947
2784987
2785325
2785908
2787340
2788481
2790010
2790242
2791047
2792746
2793468
2793747
2793809
2794307
2795505
2796834
2798832
2800382
2800504
2802374
2803835
2804166
2804230
2805088
2805530
2806989
2806992
2807138
2807976
2807985
2809707
2810275
2812972
2813708
2814030
2814930
2816581
2816826
2819449
2820852
2821005
2821748
2823583
2824049
2824303
2825154
2825875
2826647
2830719
2832300
2834003
2835145
2835463
2835848
2836019
2836877
2837105
2837860
2837994
2838327
2838534
2839298
2841743
2842205
2843498
2843659
2844291
2845303
2849446
2851630
2851784
2852038
2852044
2853870
2853883
2855136
2858302
2858615
2860813
2861333
2863330
2864733
2865655
2866200
2867844
2869241
2869651
2871490
2872247
2873426
2874387
2875564
2876635
2877839
2878311
2879920
2880183
2881263
2881921
2882471
2884164
2884345
2884696
2884866
2886442
2886723
2886917
2888184
2888931
2889133
2891004
2891511
2891913
2893384
2893739
2893845
2894046
2897178
2897444
2897743
2898310
2899027
2899088
2899213
2899353
2901978
2903391
2905375
2905793
2908758
2908990
2909944
2911634
2911897
2912777
2912818
2913486
2913872
2914295
2915960
2917668
2919714
2921495
2924972
2925351
2927616
2927873
2928711
2928713
2929196
2930306
2930349
2930573
2932492
2932498
2932649
2935316
2935460
2935654
2936175
2937478
2937587
2937959
2938466
2938834
2943773
2943844
2944630
2944723
2946445
2948837
2951864
2952184
2952809
2952990
2953226
2953481
2954995
2955163
2956080
2956440
2956667
2957807
2958184
2958258
2958998
2961467
2961544
2964112
2964847
2966376
2969265
2970478
2970558
2970749
2970882
2970974
2973280
2974268
2975224
2976147
2977870
2978169
2978692
2978816
2979215
2979837
2981845
2982247
2983053
2983532
2986943
2988090
2988130
2988264
2989670
2989717
2992717
2993634
2994222
2997481
2997670
3000155
3000752
3001210
3003491
3003520
3004573
3005460
3005822
3006096
3006508
3008790
3010189
3010709
3010784
3011411
3013823
3014193
3014951
3015475
3015789
3016531
3017793
3017910
3017994
3019186
3019454
3021079
3022711
3023190
3023193
3024475
3026534
3027041
3027332
3029161
3029866
3030778
3031785
3031969
3032489
3033144
3033454
3033557
3034118
3034530
3035192
3036855
3036869
3037004
3038184
3038398
3039769
3040440
3041349
3044109
3045513
3045885
3045996
3046791
3047214
3047265
3047835
3049374
3049770
3049939
3050022
3050827
3051697
3052040
3054632
3055333
3057128
3057464
3058719
3060133
3062816
3063331
3065243
3065657
3065794
3066258
3066400
3068773
3070066
3070404
3070584
3071073
3071547
3072118
3072577
3072893
3073688
3074311
3076583
3076845
3079382
3080162
3080206
3080783
3081036
3083874
3084071
3084717
3084971
3085801
3087976
3092392
3092550
3092843
3094559
3095156
3095581
3097898
3099169
3101713
3102100
3102336
3102574
3102819
3102937
3103628
3104160
3104308
3104547
3104703
3104737
3105114
3105795
3107124
3107537
3107847
3108744
3108910
3109646
3109923
3110227
3112048
3114078
3114510
3115304
3115432
3115550
3118174
3119164
3119745
3120522
3120805
3120965
3121018
3121707
3123026
3123398
3124621
3125021
3125785
3129984
3130238
3130441
3130607
3132518
3133403
3133582
3133829
3134215
3134840
3135784
3135904
3136043
3136976
3137763
3138688
3139025
3139081
3140364
3140670
3141652
3142882
3143147
3143322
3144072
3144507
3145567
3145845
3146768
3147679
3148388
3149387
3150498
3151903
3152368
3152521
3153776
3154343
3155683
3156271
3157074
3157660
3157803
3158167
3158312
3158658
3160832
3162969
3163048
3163834
3164099
3164556
3167643
3168622
3168689
3168730
3168929
3171023
3176282
3177566
3178687
3180899
3181000
3185170
3185386
3186788
3187383
3187452
3188174
3188815
3191128
3191775
3192511
3193300
3193443
3195875
3197081
3198021
3198871
3199883
3201892
3202592
3204131
3204571
3205134
3205247
3205669
3205862
3207036
3208492
3210407
3212546
3212749
3213450
3213763
3214638
3214706
3215813
3217900
3218436
3219735
3219874
3222753
3223764
3224216
3224348
3225183
3225532
3226430
3226735
3227161
3228469
3228842
3229369
3230339
3231903
3232013
3234238
3235693
3235787
3238030
3238871
3239845
3240212
3241098
3243027
3243716
3244692
3245025
3245865
3249823
3250172
3250917
3252864
3253795
3254858
3257180
3258348
3258633
3260631
3260944
3261091
3261780
3263000
3264741
3265449
3268126
3268400
3269011
3272046
3273294
3278312
3279295
3279577
3280026
3280081
3280531
3283973
3285557
3286863
3287653
3288044
3288440
3289387
3289408
3289738
3290074
3290314
3292900
3293202
3294870
3295297
3295446
3296287
3297363
3297564
3300070
3303824
3304547
3304610
3305389
3306902
3308007
3308072
3308307
3308769
3309768
3310911
3314275
3314347
3316549
3317362
3317885
3320089
3320849
3321178
3321352
3321987
3322462
3322501
3323019
3324773
3325261
3325446
3326006
3327376
3328528
3328824
3330195
3331501
3331716
3332902
3333760
3333817
3334221
3334414
3335802
3336097
3337016
3338540
3340277
3341713
3342067
3342635
3343994
3344494
3345113
3347993
3348865
3349214
3349336
3350025
3350366
3357773
3360006
3361524
3361690
3361780
3362275
3362936
3363440
3364072
3364353
3364653
3364668
3365252
3366270
3366493
3369509
3370593
3371317
3372539
3372674
3373273
3373381
3374195
3374759
3375318
3375776
3377667
3380652
3381295
3381896
3382788
3383193
3383241
3383270
3383569
3383744
3383915
3386727
3387304
3391239
3391353
3392612
3392887
3395839
3397287
3397583
3397658
3398248
3398294
3399269
3400106
3400717
3401538
3402006
3403239
3404497
3404517
3404851
3404997
3406608
3408534
3409297
3409606
3409629
3409706
3409918
3410349
3410565
3412355
3414223
3414245
3415778
3418702
3418819
3418856
3420246
3420385
3421067
3421889
3422000
3422398
3422566
3422780
3422859
3423120
3425173
3425282
3425794
3426276
3426383
3427578
3427973
3428372
3428912
3429504
3429699
3431278
3431857
3432479
3432692
3433019
3433862
3434294
3434559
3435648
3435965
3436625
3436650
3437834
3437955
3438061
3442486
3443366
3445156
3450154
3451911
3452647
3454984
3455222
3456662
3458841
3459433
3460122
3460141
3461046
3461820
3462191
3464419
3466657
3466831
3467178
3467244
3471269
3471494
3471925
3472132
3473593
3474869
3475074
3475819
3476669
3478660
3479508
3479790
3480039
3481948
3482251
3482718
3483047
3484294
3485983
3486141
3487710
3488974
3490307
3493195
3493839
3495383
3496147
3497262
3498413
3498900
3499922
3500625
3501490
3501510
3503240
3503247
3504247
3504847
3505069
3506463
3506537
3508041
3508109
3508186
3508415
3510010
3510993
3511213
3511763
3512031
3512301
3514700
3516593
3517088
3518660
3518981
3520878
3522880
3525880
3526258
3526555
3527772
3527888
3528669
3530437
3530939
3531141
3531179
3533149
3535496
3535527
3536624
3536698
3537103
3537292
3537513
3538174
3538409
3538698
3540226
3540661
3541301
3541343
3541973
3542260
3542445
3543134
3543444
3545003
3545552
3545985
3546211
3546711
3547031
3548203
3548442
3549149
3549342
3550782
3551164
3551471
3551730
3551988
3552515
3553485
3557088
3558590
3558878
3559127
3559506
3559952
3560501
3562625
3562769
3563125
3564043
3566528
3566934
3567389
3569888
3573122
3573266
3573579
3574874
3575175
3575669
3576829
3578183
3578858
3579647
3580025
3581028
3581076
3581716
3584448
3586087
3586258
3587514
3588280
3588698
3589328
3589333
3591379
3591702
3594530
3596016
3596602
3596801
3597215
3599772
3599856
3600365
3600404
3601737
3601769
3603099
3603491
3603879
3605111
3605978
3606543
3607596
3607903
3608087
3608223
3610870
3611360
3611456
3611955
3612746
3614224
3615104
3615242
3616671
3617453
3618774
3618994
3619198
3619876
3619920
3620583
3620748
3621363
3622893
3623896
3626423
3626665
3627544
3627835
3628497
3631343
3631500
3631996
3633298
3634029
3635128
3636455
3637106
3637433
3640877
3641016
3644418
3644854
3647042
3647652
3649393
3650536
3651026
3651982
3654792
3657479
3658635
3659123
3659386
3660025
3660510
3661078
3661363
3661746
3661991
3662709
3663062
3663150
3663397
3664369
3665580
3666094
3666230
3666412
3667472
3667997
3669980
3669982
3670936
3671965
3673550
3673880
3675068
3677283
3679007
3680222
3680433
3680885
3682155
3683367
3684847
3685148
3687579
3687860
3688289
3688760
3689255
3689992
3693583
3694568
3696882
3696962
3699153
3699808
3702230
3702568
3702869
3702915
3704200
3704494
3705094
3706254
3707131
3707870
3707906
3709747
3710142
3710954
3711565
3712570
3714493
3714545
3715871
3717320
3718464
3719168
3719722
3719911
3720186
3720447
3722077
3722482
3722793
3725901
3726372
3727014
3727686
3728768
3729359
3729675
3731611
3732230
3732324
3732594
3733021
3734107
3734133
3734331
3734425
3734620
3734934
3735372
3736645
3737075
3737190
3738117
3738729
3738970
3741118
3741420
3742210
3744037
3744908
3745681
3746635
3747881
3748190
3748308
3748444
3750173
3750726
3751108
3751865
3753485
3754413
3755220
3759791
3760203
3763420
3763558
3764117
3764549
3764959
3765374
3765449
3765822
3766590
3771167
3771545
3771633
3772804
3774646
3776121
3776457
3777160
3777620
3778996
3778998
3779993
3781762
3782993
3783174
3784140
3784364
3784629
3784780
3785179
3786419
3787256
3790911
3791956
3793763
3795263
3797013
3797807
3798085
3798265
3798803
3800355
3800995
3802203
3803067
3804165
3804349
3805485
3806103
3806341
3806931
3807100
3808445
3808999
3810149
3811866
3813265
3813978
3814128
3814532
3814702
3815516
3815682
3816193
3816331
3816820
3819415
3821834
3823033
3823819
3826549
3828121
3828313
3828723
3828942
3828957
3829579
3831944
3834216
3834711
3835809
3836296
3836689
3837585
3839066
3839162
3840932
3841437
3841833
3841979
3842354
3842929
3844022
3844750
3844812
3847792
3848469
3848628
3850223
3853518
3853635
3854136
3854664
3854732
3858242
3859561
3859827
3861718
3861819
3862272
3862529
3862619
3862678
3862941
3864326
3864808
3865582
3865842
3866244
3868351
3868889
3868990
3870052
3870700
3871449
3871843
3874097
3875904
3876223
3876726
3878386
3878531
3879550
3881387
3882345
3882408
3883675
3886036
3886591
3888123
3888334
3890017
3890098
3890870
3892131
3892452
3892814
3892929
3901047
3901651
3901961
3902017
3904433
3904909
3905431
3905505
3906476
3907557
3908886
3909071
3912538
3912603
3916014
3917749
3917786
3917886
3918027
3918351
3918536
3918610
3918753
3920507
3921224
3921265
3921283
3921541
3921596
3922104
3922527
3923327
3926738
3927040
3927713
3928860
3931181
3932479
3933427
3934832
3936908
3936953
3937612
3939208
3940456
3941542
3941543
3942138
3942145
3943747
3943876
3946031
3947616
3948374
3949425
3950801
3951268
3951751
3952210
3952356
3953234
3953408
3953668
3953823
3955253
3956280
3958072
3958749
3960752
3961103
3961201
3962468
3963157
3963722
3963946
3966870
3966988
3967449
3968839
3969659
3969865
3972542
3974670
3975823
3975956
3980461
3982871
3984196
3985491
3985498
3986161
3987461
3988649
3990708
3990743
3991105
3991434
3992375
3994408
3997349
3997531
3998337
3998401
3998439
3999315
4003455
4005017
4005649
4008026
4008153
4008678
4009022
4011214
4011242
4011633
4011976
4012088
4012348
4012467
4013229
4014678
4017002
4017212
4017628
4018433
4020731
4021330
4021572
4021767
4022497
4022755
4023303
4023392
4025928
4026165
4026718
4026730
4026817
4027790
4028794
4028886
4029274
4030431
4030877
4030936
4031015
4031430
4031721
4033084
4034674
4034772
4035157
4035429
4035541
4035890
4039090
4039421
4040956
4041781
4041787
4041840
4043039
4044146
4045222
4045240
4045978
4046616
4046782
4046805
4047685
4047897
4048138
4048353
4050557
4051930
4053442
4054380
4055164
4056223
4058773
4059299
4060026
4060899
4061095
4061516
4062244
4062379
4064536
4065355
4068206
4068271
4068967
4069088
4069713
4070562
4071421
4073482
4074655
4074944
4075420
4076838
4077041
4077776
4077983
4080666
4081035
4083758
4083759
4084374
4084940
4085132
4086969
4087350
4087693
4088135
4088766
4088848
4089382
4089553
4090989
4092098
4093312
4093735
4094539
4096030
4096722
4098035
4099092
4100107
4100801
4100903
4100928
4101926
4103655
4104114
4105537
4105603
4105814
4106360
4107712
4107823
4107842
4107877
4107892
4109043
4112689
4112993
4113554
4114769
4117730
4118880
4119170
4119232
4119531
4119763
4119936
4120959
4121618
4121711
4124084
4125547
4125550
4125761
4126029
4126056
4127171
4130395
4130907
4132147
4134659
4135177
4135231
4135962
4137863
4138710
4141050
4141489
4141737
4142917
4144192
4144545
4145308
4146299
4149050
4150168
4151703
4152639
4155730
4157965
4159328
4163228
4164506
4164697
4164699
4165985
4166213
4166424
4167196
4167626
4170430
4170536
4172231
4172623
4178371
4179875
4179947
4180372
4180651
4181550
4181719
4182329
4183762
4184028
4184656
4185055
4185932
4186101
4187509
4189605
4193329
4193648
4195711
4197695
4203218
4203533
4205039
4205404
4209664
4211158
4211922
4213066
4214375
4215351
4216479
4216703
4217848
4217904
4218620
4219073
4219205
4219325
4220124
4220580
4221086
4221579
4224233
4226517
4226611
4227137
4227810
4228119
4228467
4229167
4229704
4229910
4230910
4231525
4235977
4236515
4236728
4237058
4237540
4238394
4238978
4241261
4242475
4242937
4243196
4243359
4244863
4245162
4246088
4246420
4248146
4248545
4249051
4250201
4250658
4250726
4250828
4253524
4253971
4254201
4254854
4255084
4255221
4255270
4255485
4257512
4258778
4260316
4260460
4260779
4262210
4262730
4263226
4263981
4264202
4264711
4265368
4265634
4265926
4266680
4266903
4267561
4269853
4269994
4270387
4272692
4272724
4273310
4273568
4273752
4275667
4276966
4277963
4279035
4280334
4281481
4282496
4285540
4288919
4289560
4289717
4292038
4292057
4295080
4295515
4296822
4297727
4298399
4300300
4301012
4301110
4301362
4301716
4302941
4305357
4305480
4306006
4306193
4306414
4307207
4307902
4309173
4309522
4310150
4310718
4311176
4312109
4312634
4313499
4313947
4314278
4314974
4316244
4316762
4316833
4317624
4319263
4322195
4322950
4323161
4323498
4324879
4326231
4326482
4326926
4327972
4328844
4331344
4333492
4334300
4335171
4335442
4335453
4336006
4337688
4340435
4340739
4341117
4341154
4342739
4343247
4343800
4344058
4344236
4344866
4345249
4346136
4347391
4347724
4348653
4348927
4350206
4350232
4352000
4353227
4355016
4355597
4356359
4356525
4357292
4358515
4362538
4362696
4362956
4363132
4365842
4366920
4367754
4368610
4368979
4369125
4369642
4370582
4370878
4371689
4373418
4373826
4373886
4375388
4375411
4376018
4377930
4381383
4381782
4384300
4384587
4386237
4386462
4386731
4387693
4390133
4390523
4392111
4392215
4392653
4394357
4396194
4398569
4399961
4400651
4402037
4402931
4403840
4405366
4405779
4406228
4406291
4406398
4407603
4407937
4408635
4408641
4408866
4409196
4409858
4409867
4411989
4413290
4413504
4413836
4414378
4414404
4414753
4417969
4418351
4421409
4421787
4422185
4423576
4423670
4424013
4424062
4424565
4428445
4429126
4429615
4430251
4430747
4431140
4431511
4431545
4433564
4435152
4435243
4435483
4435926
4436160
4437042
4438268
4439192
4439863
4439977
4440573
4441537
4441577
4441937
4442664
4443278
4444790
4445318
4445404
4447632
4447734
4448482
4448976
4449424
4450094
4451893
4453009
4453539
4455985
4456782
4458301
4460478
4462168
4462511
4463321
4463552
4463927
4464500
4464580
4464877
4465984
4466691
4467155
4467356
4467612
4467839
4468135
4468232
4470011
4470239
4470403
4470611
4472574
4472620
4472873
4476211
4476579
4477231
4478189
4478230
4479221
4479491
4481300
4482127
4484727
4485331
4485919
4485939
4486482
4487071
4489072
4489299
4491301
4491383
4491669
4492818
4493342
4493575
4493899
4494013
4495362
4496207
4496265
4497312
4497541
4498646
4499894
4500026
4500496
4501829
4504250
4504976
4505021
4506832
4509049
4509617
4509684
4510842
4511354
4511800
4514037
4515123
4516907
4516942
4516988
4517121
4519870
4520725
4522950
4523173
4523315
4523639
4524802
4525638
4525839
4525938
4526911
4527652
4527661
4527957
4528712
4528983
4529513
4529591
4529905
4530008
4530125
4530356
4530474
4530576
4530940
4531758
4535829
4535924
4536484
4538311
4540205
4542174
4543134
4543831
4543885
4544542
4544597
4545511
4545620
4545644
4547334
4547586
4547663
4547969
4549658
4550463
4551504
4552150
4552667
4553529
4553610
4554310
4557810
4558873
4560279
4560795
4561740
4561743
4561792
4562789
4563817
4564201
4565260
4566149
4566864
4567142
4567712
4568440
4569459
4571047
4571542
4574617
4575358
4575529
4575670
4576020
4579007
4579746
4579995
4580523
4580659
4583442
4583648
4584988
4585046
4585073
4585113
4585532
4587706
4588697
4588970
4589766
4590251
4590315
4590647
4590984
4592784
4594214
4595409
4595766
4596477
4596753
4598229
4598522
4598534
4598919
4599172
4599359
4599640
4600934
4601671
4602015
4602464
4604622
4605591
4606110
4606776
4609184
4609662
4610232
4611197
4613214
4616973
4618458
4618796
4619034
4619061
4619064
4620463
4620957
4622315
4622332
4623186
4623858
4624553
4624594
4625845
4628728
4629480
4629601
4630111
4630265
4631030
4631279
4631409
4631598
4631849
4632296
4632386
4632678
4632841
4633795
4634293
4635153
4635225
4636581
4637302
4637932
4638540
4638779
4640705
4640733
4641198
4641300
4641386
4642087
4643815
4644659
4645442
4647809
4647921
4648638
4649212
4651119
4652130
4652696
4652863
4653306
4655098
4656449
4657290
4657445
4658159
4659676
4661275
4661843
4661869
4663133
4665838
4666819
4667415
4667843
4669660
4669706
4669944
4670458
4670475
4671018
4671942
4672760
4673814
4673859
4674385
4674863
4675687
4676338
4679466
4680335
4681128
4681138
4681290
4682076
4683424
4684567
4685350
4686937
4687780
4688163
4690236
4691244
4691607
4691664
4692024
4693333
4694328
4694483
4694488
4695456
4696126
4696695
4698348
4699671
4699804
4700051
4700936
4701088
4701139
4701546
4702815
4703323
4704028
4704396
4705277
4706599
4711189
4712118
4712280
4712435
4715859
4717017
4718955
4720101
4720283
4721348
4722490
4726245
4727738
4728713
4728735
4731431
4732512
4732697
4733024
4736188
4736669
4738336
4738919
4739781
4741114
4741545
4742482
4743721
4745430
4745674
4746183
4746731
4748009
4748556
4748871
4748944
4749467
4750883
4751010
4752648
4755932
4756981
4758242
4758746
4759223
4760428
4761281
4761488
4762205
4764975
4766137
4770333
4771056
4774067
4774518
4774546
4775133
4775436
4776440
4776452
4776484
4776630
4777533
4779557
4780612
4781562
4783241
4783315
4784158
4784270
4787013
4787681
4789165
4789385
4789523
4789719
4790985
4791727
4791990
4793133
4794578
4796020
4798680
4799141
4800173
4801043
4801329
4802137
4802280
4804226
4804827
4807023
4807739
4808234
4808531
4809093
4809755
4811147
4811293
4811580
4812436
4814034
4814103
4814202
4814412
4814700
4814755
4817364
4818353
4818509
4818959
4819228
4820631
4821040
4821476
4823675
4824367
4825100
4826769
4829245
4829854
4830811
4830816
4830889
4832811
4833479
4835074
4835131
4838307
4838334
4838555
4838607
4838846
4839142
4839267
4839362
4839772
4839788
4841452
4841744
4844259
4844549
4844968
4847311
4848202
4848205
4849036
4849254
4854828
4855313
4855520
4857785
4859019
4859628
4860423
4860439
4861204
4862048
4863191
4863999
4864885
4865679
4866742
4868412
4869524
4870351
4870914
4871140
4871827
4871839
4874158
4876694
4877128
4878222
4879936
4881319
4881959
4883493
4883866
4886623
4887156
4887220
4890272
4890785
4891769
4892636
4893094
4893375
4894003
4894054
4895128
4896409
4896932
4898006
4898441
4899495
4902816
4903007
4904092
4905348
4906880
4909436
4911384
4913432
4913552
4914632
4916877
4917842
4919198
4919843
4919864
4919892
4921872
4922026
4922419
4922908
4923079
4923871
4924911
4925258
4925286
4925511
4927397
4930179
4930624
4931377
4932062
4934352
4934846
4935791
4937026
4939011
4939087
4939275
4941482
4944228
4945392
4946071
4946468
4946642
4947875
4947934
4948446
4948567
4948815
4949152
4949934
4951354
4951765
4953535
4955118
4956376
4956730
4957353
4957705
4958265
4960030
4960079
4961550
4961952
4962795
4962900
4965226
4965567
4966500
4966509
4967129
4968324
4969296
4969571
4970732
4971646
4972674
4972787
4972915
4975585
4976497
4977525
4980481
4980577
4981901
4982148
4983640
4984354
4987173
4989563
4989930
4991879
4992131
4993071
4994476
4994593
4996470
4996501
4996746
4996834
4997462
4998894
4998924
5001944
5002891
5003315
5003803
5006541
5009840
5010567
5010725
5011690
5012127
5013725
5014068
5014748
5016591
5016760
5017624
5018837
5021329
5021489
5021540
5021627
5021739
5023318
5023323
5024480
5025317
5025712
5027744
5027838
5028093
5028977
5029023
5029957
5030263
5032828
5033028
5033138
5033690
5034661
5034851
5036182
5036410
5036483
5037147
5041096
5041100
5041194
5041905
5042005
5043602
5045269
5048358
5048931
5049069
5050626
5051237
5052858
5052938
5052991
5054046
5054182
5054250
5055539
5055552
5055615
5057064
5057230
5058274
5058423
5058729
5059744
5061056
5061698
5061986
5064202
5066098
5067389
5068880
5069323
5069864
5069977
5070683
5070983
5071036
5071069
5072046
5072373
5073517
5073592
5073864
5075454
5076115
5077262
5077403
5078302
5079644
5080487
5080730
5082261
5082753
5082771
5084992
5086436
5087395
5088165
5088255
5089622
5093306
5094244
5094511
5095738
5096280
5100563
5100570
5101045
5101521
5101523
5101669
5102891
5103149
5104554
5104589
5106086
5106646
5109104
5109431
5110031
5110634
5110840
5111184
5111348
5112277
5112458
5112866
5114327
5118174
5118223
5119927
5120937
5121452
5122839
5124282
5125501
5126639
5126997
5127800
5130156
5131488
5132415
5133127
5135655
5136169
5137740
5138572
5139785
5142360
5143007
5145211
5147122
5147715
5149780
5150189
5150385
5151150
5152650
5152687
5153219
5153639
5153964
5155972
5156152
5157330
5158165
5158872
5160740
5161236
5161588
5161720
5162531
5162711
5163414
5165731
5166096
5168858
5168973
5169180
5169557
5169612
5169944
5170712
5172387
5173502
5173745
5173805
5174478
5175679
5175761
5178723
5179612
5181325
5183408
5183793
5184050
5184309
5184673
5184876
5188041
5189078
5189447
5190970
5191906
5193063
5193730
5193744
5193829
5196989
5197368
5198029
5199973
5199993
5201188
5201519
5203684
5204651
5204768
5206342
5206779
5207383
5207613
5209623
5210211
5211178
5211256
5212057
5213370
5214372
5214416
5215356
5216324
5218243
5218796
5219097
5220010
5220160
5222760
5223042
5223549
5223641
5225185
5225731
5226871
5227458
5228233
5228993
5229461
5231358
5233460
5233788
5234564
5234607
5236148
5237580
5238973
5239137
5240884
5240913
5243285
5244071
5245467
5246192
5247287
5247290
5247582
5248402
5249579
5251235
5251276
5251425
5252812
5252854
5253072
5253381
5253442
5253516
5255010
5257628
5257760
5258437
5258763
5259171
5259528
5260971
5261036
5262473
5262514
5264388
5266298
5267742
5268602
5269182
5270932
5271175
5271615
5272090
5272460
5273414
5273535
5273569
5273703
5274195
5274979
5275366
5277034
5277147
5278893
5279445
5281374
5281604
5281785
5283540
5284283
5284847
5286712
5286878
5287205
5287400
5288201
5288563
5289321
5290751
5291506
5291820
5293545
5294257
5294303
5295257
5295796
5298607
5300370
5300398
5301385
5301592
5302269
5302405
5302505
5304137
5304823
5305264
5306811
5307577
5308348
5309079
5309650
5310332
5310983
5311159
5311516
5312193
5313392
5314150
5315158
5318081
5318425
5318721
5318987
5320707
5321279
5321305
5322194
5322931
5324467
5324550
5324815
5327359
5327580
5329254
5329804
5330974
5333241
5333698
5335198
5335567
5336151
5336224
5336929
5337747
5339095
5339553
5340301
5340532
5341732
5341939
5344849
5345100
5346175
5346224
5348098
5348664
5349732
5349982
5350698
5351198
5353880
5355430
5356034
5356120
5356359
5356466
5357499
5357898
5359205
5360082
5360762
5361417
5361432
5361743
5361924
5362691
5365364
5365534
5366776
5367221
5367708
5367941
5369097
5369518
5370083
5370675
5373253
5373854
5374166
5374469
5374918
5375867
5376536
5376630
5382920
5382958
5384899
5385247
5385433
5385559
5387063
5387064
5387529
5388239
5389075
5389284
5389916
5389977
5391084
5392462
5394046
5395158
5395239
5395300
5395987
5396342
5398475
5400094
5402001
5405208
5405641
5405934
5406358
5406815
5407315
5407918
5408349
5408636
5409666
5409814
5410799
5411004
5412337
5413258
5413927
5414419
5415042
5416312
5416698
5417152
5417751
5417763
5417951
5418129
5418583
5418785
5419221
5419303
5419948
5422404
5422965
5424264
5425456
5427237
5428592
5428667
5430556
5431400
5432317
5432510
5433559
5433967
5434129
5434395
5435132
5435510
5436010
5437047
5437699
5438058
5438582
5438940
5441520
5444155
5444645
5444804
5448218
5448537
5449091
5449736
5449789
5450264
5450694
5452115
5453432
5453662
5455098
5456422
5456475
5457568
5457801
5457813
5458340
5459360
5459454
5461595
5461655
5462371
5462647
5462775
5462921
5467181
5467533
5467742
5467771
5468964
5469367
5470010
5471334
5471863
5471927
5472056
5472076
5473083
5475042
5475193
5475784
5478511
5478728
5479141
5479257
5480635
5483178
5484091
5486495
5486834
5487562
5488840
5489023
5489338
5489405
5489657
5489932
5490090
5490120
5490793
5491289
5491308
5494356
5494398
5495366
5495657
5495789
5496007
5500219
5500246
5500373
5500738
5501048
5501544
5501748
5502026
5502042
5502054
5502478
5503008
5504467
5505026
5505741
5505922
5507044
5507317
5509904
5510821
5512183
5512204
5512397
5513816
5517253
5518315
5522868
5523061
5525634
5526543
5527158
5528675
5528774
5529625
5530954
5531980
5532497
5533511
5534444
5535243
5536365
5543789
5545619
5546006
5546519
5547214
5547737
5550322
5552783
5553071
5553764
5554018
5554367
5555254
5555807
5556826
5558554
5559142
5559373
5560755
5562528
5562764
5566388
5568832
5569840
5571092
5572616
5574778
5575417
5576432
5576768
5577500
5577992
5579510
5580287
5583900
5584336
5585554
5586100
5586769
5588110
5588190
5589188
5589687
5590769
5591252
5591796
5592206
5592659
5592743
5592850
5593108
5593504
5594144
5594210
5595057
5595083
5595601
5595997
5597914
5598632
5599180
5599421
5599578
5599652
5599832
5601242
5601311
5602176
5602261
5604000
5604597
5604937
5605581
5606200
5606335
5607653
5609379
5609788
5610098
5610111
5611590
5611815
5612689
5613340
5614148
5614304
5615159
5616237
5616604
5617160
5617505
5617877
5618556
5619331
5620178
5620331
5620713
5620923
5621075
5621415
5621586
5624878
5630888
5631179
5632587
5632776
5633375
5635162
5635569
5636255
5637972
5639689
5639817
5640806
5642542
5643024
5644291
5645597
5645953
5646162
5646230
5649449
5650650
5651660
5651692
5652506
5656124
5656988
5658316
5663743
5664435
5664639
5664996
5665072
5665176
5665461
5667673
5668033
5669108
5669636
5669729
5670679
5670746
5672082
5674167
5674328
5675810
5680764
5684056
5687825
5687968
5689783
5690473
5691144
5691499
5692417
5692556
5693753
5698772
5698793
5698802
5699874
5700929
5702131
5702455
5704289
5705212
5705481
5708182
5708188
5710360
5712686
5713399
5714430
5714769
5715238
5716643
5717630
5718825
5721724
5721758
5722250
5722611
5723174
5724680
5726123
5727647
5727665
5729080
5731665
5732125
5733175
5733812
5736280
5737019
5738576
5739213
5739384
5739609
5740129
5740310
5741700
5742204
5745268
5745309
5745717
5746440
5748594
5751006
5751751
5752433
5752912
5754104
5755678
5756467
5756621
5756983
5757807
5759855
5759959
5760002
5761850
5762513
5762517
5762661
5764061
5764975
5765249
5765474
5765572
5765856
5767011
5768884
5768940
5771923
5775954
5776626
5777460
5778228
5778457
5778962
5779249
5779824
5780218
5780320
5783214
5783794
5784198
5784903
5785668
5786614
5787389
5787525
5788246
5789656
5789701
5790928
5791474
5791529
5791672
5792129
5792435
5792811
5793731
5796555
5798199
5798314
5798565
5799468
5801139
5802161
5803099
5803491
5803787
5803822
5806914
5807303
5807812
5808143
5809292
5809669
5810198
5810383
5811693
5813014
5813795
5815579
5816671
5817998
5818166
5819318
5819547
5821578
5822186
5824315
5825634
5826612
5827436
5828086
5830905
5831050
5831588
5831715
5833106
5833446
5833841
5834513
5837496
5838573
5839229
5840812
5841198
5842281
5842471
5844539
5845875
5847958
5849523
5849660
5849698
5850634
5854127
5856748
5856863
5857242
5858177
5858220
5860646
5860721
5860993
5861040
5861330
5862831
5863081
5863630
5864295
5865805
5868517
5869221
5869738
5870650
5871054
5871955
5873086
5874131
5874709
5875628
5875730
5876432
5879078
5879920
5880150
5881521
5882768
5882878
5883086
5884568
5885514
5885913
5886015
5888180
5888394
5888549
5890205
5890279
5892135
5892742
5895746
5897034
5897642
5897657
5898583
5898731
5902336
5902358
5903195
5903781
5904979
5905530
5905960
5906582
5907245
5908326
5908476
5909141
5910174
5911616
5912897
5913321
5914269
5915379
5915656
5918136
5918159
5921586
5923723
5924420
5926753
5929371
5929383
5930930
5931780
5932886
5934677
5934734
5935231
5936049
5936651
5936853
5936988
5938809
5939703
5939806
5940164
5940369
5940511
5942011
5942269
5943292
5943788
5945509
5946903
5947420
5947845
5948088
5948182
5949751
5950282
5950634
5951606
5951922
5952322
5953210
5953895
5955057
5956078
5957036
5957214
5957355
5959259
5961639
5963082
5963517
5966508
5966690
5967141
5970160
5971717
5971987
5974320
5975502
5976349
5976447
5979213
5982956
5984204
5984216
5985723
5986392
5988037
5989222
5990123
5991122
5991748
5992183
5992359
5993804
5995550
5996121
5996962
5997245
5997251
5998246
5999021
6001091
6002389
6002769
6004080
6004517
6004999
6005052
6006590
6006777
6007335
6008121
6008619
6008653
6009094
6009271
6009573
6012085
6012654
6012997
6014010
6015999
6016392
6018515
6018660
6019735
6022111
6022775
6022814
6025173
6027066
6027686
6028793
6029026
6030300
6032570
6032730
6033662
6033695
6033903
6034877
6035370
6039023
6039185
6039463
6040115
6042749
6042843
6043598
6043930
6044108
6044344
6045180
6045378
6046361
6047351
6049022
6051824
6053376
6055337
6056018
6056350
6056442
6056720
6057835
6061565
6062958
6066433
6067602
6069268
6070030
6070308
6074052
6076370
6077072
6077200
6077561
6078178
6079680
6080059
6080676
6082670
6085514
6085948
6088279
6089612
6091518
6092099
6092153
6093684
6094020
6094390
6094647
6095309
6095647
6098347
6098641
6098765
6102877
6103038
6103604
6106054
6107781
6109154
6110160
6112335
6115540
6117906
6118554
6119548
6120447
6120725
6121256
6122572
6122743
6123926
6125676
6127404
6127868
6128138
6129676
6131949
6133010
6134925
6137294
6137703
6145337
6145356
6146003
6146693
6148347
6148717
6151063
6152353
6153423
6154223
6154683
6155468
6155801
6156776
6159685
6159837
6161471
6161490
6161597
6162299
6162342
6162461
6163041
6163252
6165057
6165708
6165865
6168306
6169698
6169751
6170098
6170314
6173980
6175425
6178819
6179120
6179524
6179823
6180994
6181963
6183257
6185173
6185641
6189238
6191940
6192205
6192647
6193065
6194672
6195412
6196414
6197157
6198272
6198273
6198599
6201175
6201255
6201324
6202298
6204825
6205327
6206367
6206699
6206962
6208386
6208608
6209959
6210810
6211156
6213147
6213219
6215562
6215730
6217270
6217368
6217474
6218768
6219015
6220631
6220673
6220872
6221463
6223351
6223586
6223906
6226983
6228159
6228453
6229920
6230630
6232537
6232767
6233234
6234476
6234957
6234990
6235234
6236230
6236946
6236960
6237620
6237771
6237936
6238168
6240716
6241041
6241269
6241425
6241618
6241743
6242218
6242274
6242548
6242676
6242736
6245145
6245147
6245436
6247214
6247504
6247932
6248200
6248738
6249899
6249963
6251876
6252677
6252744
6252991
6253667
6253825
6256900
6257477
6260069
6262104
6262622
6262958
6267153
6267918
6268844
6270039
6270947
6271655
6272146
6272157
6272784
6276941
6277851
6277878
6278671
6281696
6281855
6282478
6282904
6283272
6284708
6285206
6286027
6287056
6287177
6288193
6288449
6288821
6289440
6292198
6292581
6292863
6293275
6294043
6294864
6294915
6294989
6295475
6296134
6297464
6297907
6299441
6299810
6301334
6303419
6304438
6305006
6305464
6305519
6306615
6307231
6307868
6308126
6308946
6309741
6309919
6311218
6312323
6313154
6313246
6313480
6313699
6314075
6314082
6314185
6314689
6315339
6315644
6315822
6317052
6319851
6322861
6324531
6325462
6326399
6326470
6327891
6328855
6330424
6330953
6331236
6333322
6334092
6334567
6334908
6335500
6337240
6337842
6337920
6339061
6340133
6340492
6341479
6341624
6341637
6344295
6345943
6346541
6347826
6349032
6349897
6350219
6350755
6351040
6351265
6353885
6354859
6355183
6355308
6356180
6356340
6356687
6356835
6357380
6358470
6359233
6360069
6360333
6360817
6360975
6360983
6362332
6362446
6363300
6364595
6364728
6367941
6369459
6369474
6369870
6370920
6371751
6372076
6372616
6373685
6374030
6375004
6375465
6375503
6378669
6378919
6379325
6379607
6382015
6382662
6383033
6385528
6386549
6387769
6387815
6388725
6393634
6395191
6395196
6395420
6395430
6397424
6399597
6399625
6403669
6404631
6404975
6404998
6405542
6406665
6406796
6407144
6407161
6407575
6408922
6410183
6410460
6411729
6412513
6413549
6414039
6414751
6415893
6417509
6418948
6420034
6420921
6424453
6424717
6426332
6426925
6428506
6428648
6430493
6433472
6434460
6435416
6436232
6436678
6436704
6438120
6443255
6443827
6444122
6446633
6446914
6447555
6449445
6452801
6453909
6454007
6454349
6454651
6455836
6456054
6456108
6457808
6457945
6459155
6460629
6462195
6463218
6467109
6468075
6469158
6469559
6471814
6472202
6472903
6473285
6473364
6473461
6474559
6474637
6474831
6475282
6475830
6479771
6479913
6480502
6481963
6482131
6482457
6484681
6485241
6485352
6485986
6486813
6488668
6488787
6489689
6490448
6492424
6492434
6494120
6494304
6495869
6495899
6497206
6497250
6498379
6498796
6498938
6501734
6502855
6502999
6503768
6507569
6507855
6508161
6508382
6510777
6511621
6511988
6512463
6512602
6512799
6513938
6514535
6514990
6515993
6516491
6518387
6521764
6522149
6522435
6523030
6523085
6523815
6525494
6526723
6527252
6528219
6528960
6529460
6530721
6531850
6532623
6533781
6534837
6535280
6535554
6535702
6537002
6539708
6539872
6540343
6542547
6543070
6545769
6546781
6547472
6549265
6550587
6551303
6551507
6552696
6552912
6553009
6553458
6553702
6556210
6556703
6557194
6558248
6559710
6559831
6561473
6561998
6562330
6563563
6563635
6564361
6565057
6565755
6568491
6569033
6569550
6569663
6570663
6572161
6572229
6572396
6574858
6577154
6577340
6577818
6579376
6582067
6586770
6587034
6588634
6590579
6591224
6591664
6591733
6593326
6593891
6593991
6596081
6596398
6597800
6598761
6599859
6601729
6602030
6602975
6603673
6604197
6605087
6606410
6606614
6607042
6607368
6608690
6609168
6609452
6609912
6610611
6611468
6611790
6616087
6616137
6616427
6617531
6618224
6618636
6620110
6620231
6620336
6620368
6622571
6622604
6622718
6623252
6624265
6625348
6625501
6626046
6627349
6627946
6628651
6628760
6628870
6629123
6629690
6630088
6630255
6631044
6631768
6631876
6632128
6634268
6636982
6637798
6638049
6638101
6638197
6638551
6638619
6638997
6639484
6641970
6642689
6644126
6644303
6644837
6646197
6650422
6651163
6653315
6657996
6658768
6659209
6659219
6660052
6660516
6661154
6661362
6662151
6662389
6662590
6663204
6664901
6664926
6665589
6666721
6667101
6667666
6668913
6669208
6669633
6673323
6674258
6675251
6678057
6678806
6681003
6682686
6683601
6684689
6685230
6686612
6687640
6687924
6689546
6690008
6690564
6693473
6693660
6696461
6697121
6697413
6697424
6697796
6699036
6699195
6700464
6701620
6704495
6706413
6706721
6707360
6707382
6707806
6709152
6709876
6710000
6710957
6711077
6711208
6712001
6713871
6715127
6715717
6715869
6716726
6717851
6718482
6719859
6720708
6720851
6721734
6722049
6723420
6723688
6725042
6725192
6725467
6727262
6728396
6729641
6730591
6730599
6731594
6731645
6732103
6732250
6732973
6733141
6733221
6734669
6735258
6736785
6736943
6738803
6738843
6739181
6739377
6740100
6740733
6741004
6741708
6744459
6744535
6745488
6745659
6746933
6748327
6749907
6751235
6751727
6752221
6754021
6754457
6755332
6756316
6757108
6757205
6757774
6758945
6759390
6761186
6761380
6762825
6763124
6764592
6765109
6766160
6766397
6767298
6767645
6768665
6768963
6769847
6770399
6770498
6771223
6772956
6773263
6773650
6774444
6777423
6777607
6778138
6780009
6780566
6781169
6784455
6785241
6786450
6787492
6787759
6787794
6788712
6789157
6789388
6792200
6792925
6793290
6795430
6795611
6796838
6797011
6797247
6798737
6799063
6799634
6801404
6801740
6801818
6803801
6804735
6804916
6805780
6806603
6807172
6808480
6808792
6809199
6810354
6811438
6811991
6812003
6812682
6813331
6813440
6813653
6813679
6814211
6816053
6816657
6819569
6821106
6821239
6821892
6822224
6822650
6823115
6825343
6825607
6826387
6827818
6828131
6829044
6829607
6830927
6831443
6834231
6835791
6836254
6839820
6840826
6842699
6843075
6843167
6843677
6844384
6845942
6846315
6847877
6848042
6848046
6848715
6850297
6851518
6851565
6852791
6852802
6853472
6853499
6856207
6856834
6857472
6858185
6858397
6859375
6860376
6861613
6862433
6863820
6864906
6864958
6865949
6866031
6866132
6867221
6867656
6868290
6870331
6870410
6870888
6871188
6871973
6873878
6874246
6875866
6876251
6876701
6877687
6878673
6879438
6881185
6883685
6884176
6885501
6885690
6886228
6888102
6888318
6888553
6889300
6889370
6891729
6892876
6893142
6894193
6894537
6895693
6897352
6899465
6901245
6905316
6905542
6906995
6908142
6908765
6908924
6909737
6910329
6910601
6911122
6911334
6912164
6912350
6912548
6912932
6913013
6914471
6915627
6917825
6917861
6918025
6918819
6919298
6920366
6921193
6921736
6922840
6924117
6924478
6925793
6925987
6926820
6932593
6933505
6934287
6934678
6935326
6937082
6937501
6937786
6942889
6946366
6948937
6949348
6951118
6952773
6953998
6955462
6956462
6957738
6958209
6958728
6958945
6959380
6959925
6960661
6963107
6963764
6964285
6964842
6965257
6965343
6965436
6967368
6967949
6968094
6968177
6968559
6968866
6969934
6971180
6972174
6972818
6973319
6974055
6974360
6974656
6974997
6975568
6976063
6976114
6976210
6976594
6976819
6977777
6978346
6978374
6979629
6980308
6981107
6982509
6982868
6983102
6983624
6983724
6984167
6984784
6985215
6985897
6987190
6988096
6988131
6988237
6988245
6989043
6989190
6989922
6990414
6992104
6993311
6993532
6993794
6994176
6995491
6997959
6998628
6998908
6999821
6999914
7000117
7000598
7001173
7001374
7001447
7002072
7006245
7006921
7009052
7009466
7009528
7009631
7010252
7010667
7011525
7012548
7014074
7015102
7016353
7017101
7019935
7019983
7020512
7020749
7024139
7025261
7026911
7030311
7030406
7032626
7035341
7035360
7037595
7038547
7038617
7039420
7041389
7042463
7042568
7044456
7045561
7045773
7048891
7049297
7049333
7049991
7050283
7050388
7050881
7051181
7053353
7054710
7055506
7055734
7056547
7058218
7058828
7058977
7060309
7063006
7063196
7063250
7065460
7066000
7066807
7066869
7067123
7067146
7067585
7067701
7068158
7068192
7068337
7069140
7069705
7071880
7072492
7072905
7073136
7074522
7075427
7076466
7077574
7077820
7078327
7078329
7078484
7078798
7080177
7080802
7080843
7081054
7081109
7081407
7081546
7083177
7083369
7083381
7083734
7085207
7086491
7086995
7088074
7090378
7090698
7091570
7092862
7097746
7099329
7100551
7100612
7102465
7102820
7103317
7103350
7103455
7105936
7107124
7107488
7108887
7109190
7110209
7110292
7110464
7110722
7111420
7111616
7112383
7115279
7116645
7117744
7117811
7118408
7118708
7118998
7121064
7122573
7122791
7123054
7124067
7124154
7124471
7125339
7125612
7126131
7127028
7127301
7130015
7130347
7131249
7132014
7132344
7132390
7136003
7136836
7137349
7138058
7138116
7138426
7138663
7139560
7140090
7142535
7142998
7143340
7143760
7145360
7145658
7146264
7148670
7148797
7150313
7150537
7151814
7153144
7154213
7155167
7155247
7155655
7156598
7160016
7160813
7162062
7162303
7163668
7164837
7166179
7166743
7168092
7168884
7169559
7169600
7170959
7171697
7174139
7174417
7176338
7177382
7179407
7180322
7182509
7182962
7183228
7183846
7187253
7188156
7189328
7190582
7191461
7194072
7194886
7196009
7197084
7198730
7199209
7199872
7201803
7209085
7209445
7214523
7214923
7215512
7216364
7216441
7217749
7218063
7218893
7219677
7220811
7220874
7221244
7221855
7222912
7223127
7223757
7224103
7226595
7227238
7228523
7229556
7231022
7231433
7232343
7233109
7234794
7239591
7239761
7242517
7244035
7244675
7244884
7245878
7246605
7248165
7248961
7250011
7250465
7251684
7254162
7256988
7258499
7259462
7260063
7261081
7261107
7261894
7262314
7262944
7263521
7265893
7266380
7268188
7268562
7270135
7272153
7274616
7275448
7276736
7276823
7277339
7278430
7278976
7279844
7282835
7284050
7285227
7286476
7287101
7287129
7287820
7289185
7289913
7290450
7290581
7292918
7294913
7296625
7298533
7298958
7299188
7301436
7302130
7303417
7303719
7304213
7304734
7305592
7305993
7306419
7306640
7307175
7307794
7307976
7308167
7308412
7309019
7310572
7310999
7313597
7314372
7314815
7315424
7319592
7321005
7321703
7322797
7323233
7324415
7326002
7326650
7327894
7328326
7328994
7331057
7332368
7332529
7333242
7333244
7333950
7334073
7334096
7334973
7335338
7335429
7335498
7335513
7336029
7336073
7337132
7339292
7340077
7341846
7342390
7344226
7346747
7347167
7347591
7348162
7348725
7349505
7349534
7351197
7351710
7352451
7357368
7357515
7358931
7360426
7362364
7363131
7363311
7364094
7364210
7365037
7366364
7366454
7367125
7368808
7369702
7370248
7371124
7371701
7372976
7373709
7375729
7376188
7376584
7377136
7378632
7378922
7379390
7379469
7379548
7379654
7379783
7380733
7381822
7383015
7383491
7383500
7384050
7384577
7384607
7384635
7384731
7386348
7386382
7386501
7387681
7388134
7389157
7390426
7391834
7391891
7392042
7392395
7395537
7395909
7396190
7397072
7398842
7399858
7400069
7401279
7402678
7403581
7404268
7405485
7405654
7407250
7408137
7409562
7409838
7410552
7410644
7410886
7412712
7414322
7414483
7414859
7415261
7415824
7419417
7420393
7422007
7423783
7423930
7425258
7426325
7427206
7427502
7429647
7429789
7429935
7430244
7430750
7434976
7435861
7436129
7436249
7436347
7437339
7437635
7438943
7439295
7439451
7440729
7441007
7441287
7441313
7442027
7443018
7443983
7444561
7445110
7445142
7445407
7446100
7446953
7448726
7449028
7449186
7454526
7454894
7456094
7456132
7457053
7457824
7458730
7459698
7462192
7462686
7463149
7467263
7467518
7469284
7469330
7471041
7471061
7471835
7473794
7474294
7474909
7475331
7476681
7479371
7479559
7479959
7480037
7480638
7481933
7482318
7482533
7483321
7483381
7483828
7485140
7485603
7487706
7487887
7488463
7489440
7490374
7492279
7494810
7495962
7496021
7497144
7498131
7498228
7499024
7499597
7500587
7500729
7501178
7502088
7503604
7503855
7504134
7504304
7505517
7505966
7506082
7506755
7507980
7508398
7510341
7511763
7511958
7512100
7512459
7512531
7512749
7513032
7514277
7516913
7517629
7517983
7518043
7520590
7520731
7521837
7525350
7525691
7526606
7527456
7527866
7528300
7529862
7530063
7530687
7531051
7531796
7532098
7532462
7533484
7535111
7535592
7536128
7537942
7538882
7540168
7540631
7543722
7544755
7545353
7545613
7545785
7546977
7550094
7550288
7550316
7551437
7551911
7553022
7553393
7553866
7556799
7557790
7557879
7558414
7558642
7559011
7559278
7559575
7561204
7561478
7562820
7564032
7566041
7566144
7566439
7567170
7567575
7568964
7569546
7571243
7571902
7572295
7572326
7572836
7573977
7575218
7575796
7577266
7577410
7577955
7579149
7579774
7581488
7582127
7583099
7586461
7587218
7587779
7589070
7589936
7590609
7591136
7593339
7593966
7595321
7595412
7595812
7596043
7596966
7597934
7597964
7598466
7598546
7598717
7599244
7600782
7601312
7602318
7603334
7603854
7604019
7605656
7606416
7607188
7607722
7608596
7611151
7613017
7614887
7615338
7616703
7618334
7619134
7619223
7619420
7619899
7621982
7622309
7622854
7624236
7624499
7624975
7625521
7627154
7629476
7631076
7631520
7631812
7632333
7632356
7632930
7636723
7641846
7642276
7643204
7643837
7643902
7643917
7644023
7644484
7645176
7647454
7647586
7648273
7649635
7650530
7650958
7651204
7652249
7652251
7654965
7657342
7657815
7658217
7659905
7660478
7661079
7661476
7661499
7661825
7662206
7662461
7663412
7663516
7663720
7663769
7664004
7664305
7666607
7667044
7667212
7667514
7667758
7671503
7672551
7674683
7675867
7677345
7677604
7677718
7678375
7679204
7681962
7683643
7684278
7685450
7687975
7689728
7690109
7693858
7694564
7698265
7699306
7699418
7699465
7699685
7700162
7700958
7701295
7701807
7701929
7703863
7704535
7704970
7705959
7706673
7707149
7707362
7707668
7708194
7708375
7708497
7709973
7711032
7711513
7713536
7713943
7714647
7714758
7715358
7717504
7718268
7718683
7719809
7720386
7724666
7724775
7726292
7728853
7729038
7729167
7729342
7729731
7730404
7732250
7732512
7733048
7733625
7734357
7734466
7734528
7735939
7739361
7739436
7740822
7741713
7742750
7743043
7743279
7743517
7744515
7746061
7746404
7748038
7748954
7749381
7750015
7750751
7751071
7752034
7752289
7753984
7754393
7754655
7756731
7757067
7758434
7761993
7762596
7766194
7766753
7767197
7767956
7768517
7768672
7769536
7771755
7771938
7772388
7773804
7773881
7774666
7775327
7775879
7776267
7777747
7779736
7779863
7780002
7780875
7780957
7781971
7782615
7782674
7783996
7784175
7785054
7785712
7786012
7786109
7786189
7786288
7787440
7788098
7788411
7788707
7789310
7790074
7790367
7791194
7791904
7792332
7792402
7792714
7793561
7793679
7794625
7797224
7799102
7800621
7801434
7802242
7802515
7802762
7803999
7804776
7805361
7806300
7806565
7806729
7808221
7811416
7811594
7811947
7812221
7813204
7814585
7814757
7818962
7819885
7821199
7821903
7822527
7822771
7823036
7824569
7825111
7825778
7825950
7826411
7826733
7828199
7828905
7829637
7829786
7830224
7830487
7832258
7832864
7833397
7833533
7836053
7836123
7839770
7840222
7841144
7841826
7842144
7844340
7845787
7847086
7847960
7848638
7848879
7849007
7849898
7850625
7851540
7852095
7852260
7853904
7856225
7856393
7856761
7857261
7857334
7857697
7858427
7860637
7861091
7861100
7861544
7861744
7862311
7862438
7862530
7865121
7865861
7866183
7866234
7866654
7868425
7870089
7871453
7873480
7874188
7874634
7875219
7875221
7877417
7879309
7879932
7880090
7882993
7883239
7883957
7884289
7884971
7885497
7885517
7886892
7887488
7889135
7889279
7891816
7893124
7893964
7899340
7899481
7899978
7900370
7900697
7901216
7901857
7904132
7904521
7904909
7905741
7905967
7907518
7910359
7914413
7915497
7916726
7917734
7917983
7918141
7918481
7918500
7918682
7920115
7920941
7921493
7922502
7923168
7924106
7925449
7925517
7926893
7927405
7927932
7930690
7931798
7932209
7932393
7932679
7932816
7933325
7933681
7936826
7936914
7937353
7938762
7939689
7939931
7940128
7941144
7941710
7942996
7946316
7946832
7947060
7948455
7948729
7950231
7950573
7950693
7951377
7951877
7952746
7954996
7955545
7955768
7959271
7962853
7963286
7965679
7967328
7968006
7968245
7968251
7971514
7971914
7972362
7973260
7973592
7973819
7973900
7975966
7976079
7976220
7978282
7978988
7979155
7979353
7979593
7980749
7984451
7984650
7985124
7985410
7985565
7986939
7987229
7987946
7989345
7990179
7990222
7991622
7991916
7993309
7993332
7993430
7994958
7995333
7995783
7995878
7996448
7998267
8000431
8000707
8003676
8004943
8005253
8006993
8008291
8008376
8010279
8011567
8012055
8012425
8013094
8013530
8014554
8015205
8015587
8016416
8017137
8017271
8017547
8018261
8019177
8019247
8019671
8020071
8022152
8022290
8024016
8025188
8025438
8025726
8027084
8027337
8028935
8028956
8029793
8030211
8030338
8032027
8032366
8033167
8035744
8036729
8037275
8038801
8039257
8040240
8040318
8040336
8040739
8041188
8042957
8043225
8044020
8045117
8046660
8048020
8050637
8051284
8053422
8054704
8055665
8056275
8057217
8057314
8057341
8058705
8060697
8060766
8063163
8064323
8065215
8066591
8067877
8068741
8074087
8076197
8076305
8076883
8079151
8079561
8081540
8081868
8082637
8082838
8083764
8084270
8085163
8087255
8091294
8091527
8091736
8092303
8093746
8094527
8094621
8094852
8095487
8096228
8096322
8097103
8099182
8100651
8101196
8101872
8101879
8103515
8105935
8107120
8109384
8109626
8109768
8110145
8110487
8110694
8111880
8112055
8113305
8115410
8116680
8117443
8119044
8120187
8120362
8122994
8123380
8123834
8124422
8124829
8125334
8127691
8128723
8129026
8129235
8129238
8129524
8130200
8131164
8133032
8133111
8133640
8134795
8135515
8135642
8137698
8137725
8138111
8139113
8139835
8144966
8145077
8147329
8147350
8148779
8150000
8151109
8151292
8153093
8156130
8157623
8158201
8160189
8160398
8160888
8161530
8161831
8162183
8162508
8162649
8162953
8163542
8166118
8167449
8167713
8169047
8169272
8170017
8170552
8170621
8170987
8172440
8173242
8174946
8175395
8175783
8175815
8179368
8179821
8183886
8183952
8185537
8186548
8186927
8189449
8190767
8191440
8192335
8192469
8192704
8192725
8193411
8194589
8195880
8196787
8197054
8197737
8198117
8198192
8200905
8202190
8202435
8204887
8205709
8207313
8207821
8209025
8209362
8209379
8210496
8214854
8215089
8215818
8217285
8217368
8218987
8221656
8221844
8222590
8224753
8225518
8225534
8226719
8227286
8227372
8227577
8228633
8228706
8229115
8229294
8229605
8229923
8231458
8232230
8233600
8234143
8234562
8234819
8235266
8235985
8239894
8240708
8240769
8242108
8243758
8244242
8245834
8248002
8248492
8251227
8251425
8251462
8253070
8253243
8258330
8260547
8261056
8262363
8262539
8263280
8263448
8263472
8263514
8263525
8263613
8264749
8265759
8266661
8267665
8267788
8268689
8269119
8271171
8271672
8272456
8272803
8273020
8273602
8275231
8275283
8276497
8276815
8278268
8279813
8281050
8283508
8285911
8287810
8288075
8288648
8288716
8289214
8289890
8290383
8291874
8294472
8294996
8295126
8295787
8296445
8296504
8298775
8299551
8301434
8303131
8303158
8304218
8304568
8305454
8306902
8307903
8308321
8309100
8309178
8310224
8310666
8311364
8311387
8312225
8312351
8314009
8315366
8315611
8315703
8316593
8316621
8317957
8319298
8319482
8322150
8323854
8323978
8327806
8329839
8331408
8332996
8333673
8333708
8334516
8334720
8334752
8334920
8335774
8336732
8336821
8337849
8340462
8340509
8341177
8341581
8342278
8345880
8346617
8347731
8348296
8348468
8349292
8350372
8350925
8355393
8356254
8358234
8358993
8360935
8361628
8362257
8362607
8363493
8364424
8365315
8365669
8367387
8367680
8370728
8372138
8372333
8376207
8376952
8376966
8377111
8378121
8381232
8382133
8382889
8383347
8384373
8385427
8385513
8387356
8387371
8389205
8390196
8391454
8397058
8397256
8397324
8399019
8399342
8399641
8403212
8403911
8404846
8406046
8406174
8406354
8406603
8408956
8409046
8409526
8409583
8410309
8411784
8412415
8412554
8413550
8414395
8414834
8419044
8419963
8421907
8422203
8423560
8427032
8427737
8427833
8429382
8429426
8430956
8431040
8431423
8432918
8433567
8434335
8434489
8434729
8435098
8435537
8435951
8436806
8437104
8438335
8440530
8441364
8442897
8444046
8444736
8447277
8447535
8448874
8449623
8450572
8451261
8452860
8452942
8452955
8453544
8454093
8455269
8455918
8455995
8456450
8456999
8458646
8459675
8461679
8462047
8464574
8465187
8467469
8467814
8468528
8470059
8471154
8471446
8471744
8472654
8473175
8473351
8475390
8475797
8475915
8476467
8477133
8478352
8479362
8481160
8481996
8483768
8484424
8484587
8486102
8487713
8487853
8489471
8489478
8489568
8489593
8490442
8490653
8490936
8491323
8491379
8491849
8492364
8495182
8495683
8496476
8497581
8498777
8501023
8501460
8501724
8504161
8504276
8505313
8506440
8506557
8506621
8506630
8507011
8508122
8509035
8509897
8510838
8511070
8511981
8512301
8516549
8516931
8516992
8517224
8517463
8520034
8521756
8522668
8522762
8522994
8524229
8524819
8525120
8526177
8528052
8529697
8530771
8532451
8534379
8535163
8537358
8537998
8538914
8542048
8542624
8542825
8544754
8546810
8546859
8547420
8547598
8548252
8548255
8548955
8550648
8552680
8553568
8555157
8555627
8556054
8556207
8556849
8557105
8557943
8558989
8559451
8559893
8559927
8560684
8560887
8560923
8561158
8561166
8561259
8562506
8562639
8562717
8562840
8563099
8563291
8564066
8564420
8564510
8564805
8565010
8566516
8568070
8568651
8569112
8569362
8571282
8571874
8572520
8573014
8574184
8574309
8576100
8576747
8577221
8577539
8578028
8579926
8580395
8582518
8582653
8584222
8584937
8585738
8586611
8587324
8589024
8589175
8589994
8590134
8592994
8594280
8595597
8596407
8597389
8597543
8598431
8598742
8598954
8600376
8600478
8600583
8602363
8604826
8604827
8607686
8608662
8612598
8612730
8612770
8613076
8613874
8614122
8614895
8615147
8615336
8615426
8615872
8615930
8617362
8617555
8618467
8619550
8619578
8619593
8619852
8620624
8621841
8622895
8623721
8624463
8624523
8625455
8625994
8626213
8626335
8627082
8628068
8628427
8628640
8628930
8630659
8630812
8631217
8631291
8631502
8631907
8632184
8632554
8633400
8634794
8635915
8637479
8639878
8640829
8641384
8643825
8644843
8647374
8648335
8648864
8651414
8653942
8656321
8656478
8656648
8659269
8661379
8662651
8663713
8664435
8668391
8668478
8668634
8668811
8670142
8670405
8672859
8672954
8674393
8675334
8675894
8676149
8677359
8677814
8677975
8678930
8680942
8681597
8682432
8682539
8685643
8686894
8688804
8688847
8689863
8690358
8693557
8693778
8694031
8694117
8695731
8697180
8697970
8698132
8699308
8699580
8699815
8700629
8701048
8703840
8703974
8704170
8704717
8705022
8706581
8708678
8712064
8714133
8714392
8714916
8715228
8716728
8717328
8718072
8718966
8720376
8722211
8722608
8723412
8723788
8723995
8724073
8724979
8726657
8727248
8727481
8727902
8728004
8728063
8728383
8728668
8728958
8729492
8731198
8735380
8735735
8736613
8736682
8737668
8737709
8737949
8738147
8738990
8739047
8740842
8741246
8741400
8741514
8741724
8742562
8743398
8743543
8743809
8744295
8745010
8745894
8746178
8747529
8747905
8748140
8748785
8749298
8750307
8752717
8753625
8753756
8754408
8754778
8755883
8756338
8757098
8757694
8758372
8759009
8759735
8760390
8760548
8761270
8763816
8766938
8767683
8767722
8767776
8768890
8769565
8770145
8771466
8772082
8772855
8772968
8773461
8773713
8773863
8774613
8776597
8776619
8776809
8777033
8778446
8779592
8780937
8784826
8785586
8786038
8787470
8787492
8787654
8788459
8789052
8789275
8790374
8791019
8791519
8793158
8793516
8794025
8794444
8797579
8799781
8802133
8803158
8804028
8806269
8806850
8806866
8806881
8809974
8811638
8811830
8812092
8812237
8812413
8812820
8813130
8814424
8814525
8814933
8816257
8816929
8817710
8818201
8818375
8820097
8820455
8820684
8822055
8825530
8825689
8826820
8826848
8827741
8828487
8828616
8828675
8830232
8831327
8832342
8833617
8834721
8834853
8835818
8836181
8836778
8837041
8838398
8839016
8841073
8841324
8841333
8841641
8841966
8843757
8848656
8851277
8851951
8853229
8857887
8858362
8858609
8858635
8860690
8860713
8860951
8863227
8864208
8866158
8866688
8867238
8867730
8867828
8868372
8870461
8872307
8873731
8874061
8875302
8875508
8875657
8876318
8876541
8877986
8878810
8879004
8879360
8879812
8880990
8882596
8882917
8883393
8884588
8885674
8886573
8886736
8887254
8887282
8888130
8889658
8893221
8895352
8896688
8896977
8899064
8899758
8900146
8900257
8902493
8902998
8903821
8904547
8904727
8906349
8906471
8906576
8907370
8908884
8908928
8909099
8912439
8912800
8914270
8915262
8916709
8919140
8920649
8920952
8923090
8923899
8925453
8925995
8926161
8926558
8927867
8928514
8928915
8929992
8931942
8932417
8934670
8936412
8936529
8938260
8938720
8940719
8940863
8941401
8942233
8943009
8943858
8944152
8944290
8944430
8945792
8946517
8947920
8948490
8948624
8949089
8949820
8950590
8951406
8953312
8953918
8953926
8953987
8954910
8958579
8962747
8962794
8963436
8965088
8965917
8966545
8966662
8969123
8969418
8970421
8970819
8971024
8971206
8973148
8975932
8976227
8977029
8978680
8978747
8979025
8979582
8979963
8980290
8980366
8982978
8984689
8987752
8988925
8989570
8989892
8989992
8990282
8990401
8991598
8991981
8992522
8992797
8995222
8996089
8996552
8997510
8997791
9000354
9001119
9001429
9003053
9003168
9003219
9004239
9004413
9005671
9006863
9009465
9011679
9017307
9018048
9018265
9019288
9019305
9021711
9022138
9024175
9024954
9025390
9026794
9027758
9028048
9029216
9031528
9032342
9033015
9033555
9034558
9034771
9035353
9035920
9037169
9038034
9038647
9038739
9040635
9040749
9041485
9042275
9042395
9042821
9044212
9044690
9044954
9044984
9047905
9048213
9050393
9050572
9050887
9051649
9051922
9053261
9053612
9058129
9059343
9059560
9059770
9061129
9064138
9064195
9064893
9065470
9065627
9065873
9065961
9065963
9066152
9066425
9067293
9069991
9072338
9073766
9074305
9075716
9076224
9076325
9077995
9078432
9078753
9078943
9079410
9080676
9081938
9082345
9083209
9083531
9084590
9084766
9085136
9086096
9086665
9086824
9090105
9090753
9092062
9092908
9093227
9093296
9093753
9094972
9095841
9096694
9099916
9101490
9102793
9105366
9106640
9107218
9107703
9107784
9108634
9109227
9109660
9110650
9110670
9111632
9112691
9112843
9114405
9116990
9117503
9117544
9118964
9121576
9121661
9121663
9123458
9123899
9124286
9124493
9125296
9125351
9127597
9128111
9130341
9131675
9132534
9133933
9134669
9136697
9139409
9139732
9140019
9140086
9140220
9140484
9140923
9141273
9141374
9141772
9143391
9143680
9145978
9146242
9146716
9147832
9148215
9148513
9150026
9152405
9152500
9152931
9153504
9154458
9156667
9159657
9159949
9160398
9160869
9161438
9162000
9163052
9163956
9164085
9164626
9165724
9166959
9167459
9168542
9169682
9172222
9172292
9173493
9173937
9174153
9174746
9174778
9175423
9176884
9178893
9179515
9179608
9179868
9179917
9180415
9181792
9183376
9184410
9184823
9185856
9186532
9190183
9191146
9192041
9192591
9192788
9193136
9193310
9193746
9197096
9197620
9198937
9199140
9199172
9201918
9202113
9202328
9203402
9206332
9206896
9208187
9214191
9215046
9215468
9215516
9215568
9216258
9216983
9219201
9220110
9220758
9220970
9222394
9222493
9223099
9223175
9223416
9223639
9224633
9227588
9228610
9230388
9231718
9232888
9232948
9233483
9233680
9233710
9234004
9234100
9234657
9234701
9235900
9236688
9240314
9240981
9241011
9242378
9243049
9243176
9243216
9243582
9244414
9244446
9244712
9246159
9246639
9250383
9250759
9250951
9252031
9252157
9254814
9255026
9255985
9256693
9256743
9256923
9257229
9259658
9260129
9260154
9260184
9261112
9261410
9262278
9262352
9264342
9264832
9264967
9265999
9266018
9266647
9267901
9268071
9270531
9271298
9272956
9275670
9275737
9276239
9276575
9277405
9277895
9278035
9278320
9278401
9278506
9279004
9282313
9282800
9284203
9285053
9285524
9286097
9286539
9286750
9286876
9287005
9288280
9289472
9289703
9290065
9290402
9291687
9291688
9291929
9292581
9293127
9293745
9294919
9296224
9296703
9297543
9298763
9298765
9298799
9303878
9305116
9305971
9307678
9307794
9307880
9308700
9310118
9310195
9312617
9312701
9313336
9314036
9314067
9314112
9315627
9316207
9317879
9319570
9321973
9322204
9322657
9323366
9323512
9324634
9324922
9325433
9325961
9326402
9327430
9327435
9327927
9328200
9328253
9328577
9329004
9329569
9330934
9331284
9332080
9332379
9334433
9334524
9334916
9336697
9340117
9340939
9343027
9344730
9345260
9346527
9347102
9347844
9348708
9349578
9350117
9350731
9351686
9352408
9352473
9354327
9354687
9355656
9357227
9357538
9358879
9358913
9360617
9361081
9361426
9362278
9363733
9364039
9364579
9366120
9366618
9366870
9367593
9368483
9369430
9369591
9371056
9371187
9374212
9374804
9374857
9375608
9377202
9378318
9380888
9381919
9384533
9384910
9385336
9386014
9386331
9387482
9388167
9389286
9390659
9391014
9391961
9394488
9395543
9395854
9398129
9399093
9402235
9402885
9403423
9404992
9405331
9405532
9408246
9408527
9408928
9409191
9409768
9409771
9411770
9412109
9413220
9414189
9416308
9417206
9417920
9418051
9418741
9419433
9420361
9422647
9427007
9427394
9427473
9428376
9431301
9431565
9432091
9432272
9432658
9432738
9434137
9435525
9436163
9437548
9438260
9439265
9439392
9439543
9440584
9442327
9442669
9443687
9443897
9444476
9445752
9446382
9447001
9447714
9447905
9450743
9452569
9453509
9453621
9454285
9454474
9455272
9455598
9455723
9457644
9457696
9458015
9458341
9458794
9469392
9470795
9470931
9472738
9473146
9473812
9475890
9478320
9479053
9479558
9482212
9482659
9483279
9486890
9487177
9489376
9489854
9490209
9491689
9491792
9491952
9492090
9492479
9493128
9493264
9493319
9493529
9494254
9495042
9495367
9495462
9495746
9498009
9500538
9502423
9504808
9505296
9506238
9506357
9507110
9509708
9510000
9511111
9511488
9512149
9512651
9513529
9514002
9514124
9515457
9515791
9515867
9516025
9516422
9517627
9518026
9518825
9520298
9521860
9523990
9524356
9525931
9527518
9528782
9529617
9530267
9530287
9531664
9532491
9532731
9533168
9533284
9534386
9535137
9535162
9538197
9538587
9539869
9539986
9541386
9541894
9542400
9542719
9543025
9543545
9545207
9545768
9546456
9546552
9547163
9547169
9548025
9549452
9549558
9549623
9551053
9551261
9551268
9551965
9552196
9552943
9553034
9553520
9553938
9554169
9557786
9558975
9559343
9560049
9560601
9562038
9562803
9564849
9566028
9567233
9567340
9569095
9569816
9570440
9570808
9571297
9571803
9572361
9572500
9573176
9574154
9575433
9575659
9577374
9578710
9579446
9580700
9581233
9582418
9582499
9583060
9583224
9583672
9583932
9584049
9584471
9585219
9585237
9585851
9586382
9587415
9588125
9588182
9589573
9590798
9592742
9593101
9593306
9595188
9596937
9598270
9598457
9599011
9599139
9601475
9603758
9604930
9605145
9605240
9605544
9606554
9608182
9608800
9609062
9610950
9611014
9612380
9612845
9615513
9619250
9619416
9620157
9620752
9620946
9622601
9623993
9624999
9625893
9625960
9626045
9626946
9627327
9629233
9629384
9630098
9630204
9630503
9630674
9631284
9632713
9632768
9633496
9634017
9634917
9635473
9635949
9636485
9638022
9638482
9639109
9641609
9641715
9642771
9642928
9642962
9644390
9644627
9644911
9645255
9646559
9647379
9647471
9647618
9647775
9648667
9649773
9650349
9650771
9651652
9654427
9654581
9654828
9654858
9655133
9656030
9657079
9658155
9658233
9659269
9659435
9660342
9661617
9662853
9664756
9667533
9667553
9668095
9668347
9669254
9669522
9669581
9669717
9669903
9670877
9672522
9672907
9675715
9677710
9678491
9678966
9679744
9679854
9680166
9680599
9681679
9681738
9683141
9684284
9684394
9684454
9684550
9684741
9687270
9688281
9688741
9688836
9690512
9693863
9694186
9694642
9694936
9696229
9696363
9696509
9696522
9697954
9697959
9701576
9702404
9703265
9704785
9705438
9706063
9706707
9706768
9707799
9708272
9710406
9711571
9711578
9711871
9713878
9715329
9715754
9716121
9716940
9718523
9718780
9719272
9721369
9721971
9722283
9723627
9724536
9725166
9725238
9725800
9726031
9727225
9727284
9727818
9729849
9730189
9730222
9732799
9732919
9734869
9738280
9738354
9739205
9742359
9743584
9745685
9746589
9748458
9749416
9749568
9750302
9753365
9753572
9754071
9754125
9754166
9754401
9755101
9756461
9756760
9757293
9763564
9765603
9765890
9768212
9768338
9768529
9769040
9769238
9771641
9772912
9773569
9776751
9777383
9778458
9778636
9779161
9779316
9780863
9781085
9784318
9784774
9784961
9787283
9788224
9788500
9789325
9789462
9790704
9790963
9792636
9792993
9793545
9794485
9795174
9795723
9796365
9796705
9801561
9802023
9804629
9804632
9804790
9806315
9806485
9808693
9808933
9809599
9809868
9810207
9811131
9812289
9812948
9815003
9815372
9816226
9819598
9819770
9820327
9820405
9827023
9829018
9830465
9832253
9832962
9833975
9834660
9835458
9835987
9836019
9836395
9836814
9837063
9837153
9838272
9839028
9839101
9840822
9842990
9843985
9848733
9851611
9852646
9854674
9855843
9856765
9857081
9857601
9857969
9858311
9859003
9859353
9860285
9860823
9862313
9863352
9864667
9867059
9867968
9868824
9869366
9869453
9871845
9874879
9874927
9874970
9875274
9876009
9876491
9878678
9879950
9880703
9880776
9881632
9882605
9885459
9885735
9886007
9886010
9887547
9887788
9888540
9888625
9889705
9890379
9890909
9891559
9892218
9892530
9893688
9893707
9894198
9894538
9895471
9896072
9896695
9897184
9897681
9899775
9900032
9901510
9902025
9903006
9903366
9903444
9903757
9904836
9904914
9905850
9907294
9910363
9912782
9913941
9915366
9915435
9917408
9920121
9920396
9921573
9921609
9921778
9923289
9924117
9924503
9926512
9926777
9927240
9927377
9927445
9927459
9928504
9930330
9932070
9933974
9934213
9934664
9935057
9936042
9936254
9937109
9937361
9938231
9939179
9939356
9942953
9943416
9943803
9946013
9946713
9946744
9946764
9950776
9950853
9952455
9953731
9954490
9954660
9955026
9956224
9957861
9958655
9959077
9960037
9960119
9960264
9961958
9962687
9962781
9963270
9964531
9964744
9965118
9968718
9970059
9970133
9970543
9972837
9973262
9974144
9974469
9975129
9976582
9976596
9977265
9977671
9978165
9979491
9980052
9981082
9982653
9982909
9983559
9983697
9986384
9987254
9989481
9990009
9990612
9991667
9992212
9993001
9993291
9993666
9993931
9996308
9997332
9997682